200
27223275639690009 481567689678706443 674133779517671367 218038229645673923
383271137743554825 174726317183599488 533377504789676660 816773854652964570
622483393116068584 170427457498839077 127393393475160409 422674297713808726
459497876031652043 469055223630035776 469055223630035776 146765528514994442
379864367579816397 713625728769359755 377320288467124800 675472140426803946
239519142385319598 461997334066978618 904051172799733963 461997334066978618
984995633143640107 35865220411305676 127594610645461832 692607900542139019
270542975982382904 257117800566545950 437835248814678198 5139768714677772
223571682723993482 899631865228340665 376336061290316592 516176627091033708
807021737589335779 143916461268011939 849250545962662841 499846613948412944
305207589607874792 300976110258667322 856621546501910949 69735602874940383
286431577487604565 69588451389121621 52416642507826263 776356017368412063
127905366997986912 860031461189395207 860031461189395207 17741228497422434
621713739842694417 911911159302511013 823852865874514723 361627940012958378
713078670924707449 569235737521747638 410366092211594273 569235737521747638
434368442071291684 826321955457184874 826321955457184874 650562085181990722
495752092647870966 843831267726328556 495752092647870966 776441045277712353
213074095278329397 864742364139386607 180323738871161421 5790021738627525
228237864132217697 826223744459362516 578122884270346973 669497823284580991
272865692747309273 621182093426239359 621182093426239359 970991169774051705
670927869697347640 849274291583343987 657927654684437130 576439750044625165
637123876307930626 690289507205689280 739678780863466826 150068079628306834
884101055199844289 188501957140555508 188501957140555508 891175484297217004
2287990898067704 172524173618264455 411194935355754230 901815917788336384
829529347839280242 436976004247524242 894705892958591770 489847610244250957
802063190295295633 295359641968812898 951721850391419661 760782296830240555
958714071253000384 43223696565620091 447056843281891117 966582662225127777
508414137223182003 818883358377365786 455782327904148817 818883358377365786
717321062217399650 81538636716984041 196387353714190057 67268337113794432
192182613743036791 406170820321516529 192182613743036791 841618511534195200
803349918609024403 142588820832020705 928867386273727668 20987011861987204
862394379123370037 980872543079161441 92497343940493943 582478779105097909
455696574063412199 62653346483505443 629285896735797015 603803940013729462
556687028562345228 560365289130023280 841416472883407165 989216683059689917
183264997535731841 929974322929734005 721774702840520303 674271841515995090
908821492805196544 103756091204630610 881832976154011241 261083227207914220
870075483494079680 536770263642307019 357961945944835469 406344594582113196
323780426076261530 340012316147963237 997774844541231019 510376024281937268
731621702496365120 627239535864607063 452348761561289022 780043955671138208
396919805209884350 736429606823892371 610092401270420668 956411357299707878
424335599490706910 412276642772238903 680170502013561360 693513088878648718
891139429557632469 994816893867658950 617745752412344515 362952954133263379
525459221362984781 876243680463269503 876243680463269503 403004130856968417
981547375801538533 196858091759039030 966461878008666712 579573167166379634
904310196067276102 696666801829264778 688464178864752964 900996525804043652
301094969748659238 409625440922865033 81849153631236748 454458894675353853
989033908692485959 176133103364214857 746700918670936045 859233105217150817
70601694982921681 287340324440362133 928607534649244138 279370609689537653
752590969443246204 173579558177864434 184822284770295349 216528035277719855
857688994418699074 278788539845951129 561242047459204598 316907388609240244
797542193648394501 484173719278889643 797542193648394501 835295075137154026
642958114366582838 978278734936241692 978278734936241692 924313244943512373
182757366160075157 889472752687697923 182757366160075157 365431286257434029
905932726397677764 460548977312436770 592172088450332304 460548977312436770
566170500872482674 140777766316965802 212828349716101166 629691018675280125
420244596635123894 973786879696159559 312481234872109048 973786879696159559
793007098198917403 345533236022328637 714312057707484407 703315489769050000
849169866595383504 540197068016031675 849169866595383504 560433075441240963
227346230308467380 387105322476185178 575006142735606418 5303906220784340
609015117901968654 491710718360612101 609015117901968654 166057766649348790
690023917606743568 203923418813885645 203923418813885645 279330846455548643
944781806728585727 178953517765607329 437293269742637077 178953517765607329
547055170927283126 232771036043469368 938210852360155931 691108697149446759
302102617987576712 195574475007287772 902286938950551968 630877788212688990
435255964735517503 523222163382073166 391236407775819538 407360859764327743
309243577004856639 289872857618530769 960905492329421738 120404599682985454
57012774438816288 358572996102876006 247531187731866496 977239160673683080
337286979441536477 924377025013431617 513294093568151122 91125321191487736
169323075482384878 843122533382721089 153440495453480188 514583613690005035
394905997276242756 656997287888242090 785453428989610728 597504003824186519
330892411704472475 232410191958606789 956869680628738481 544209426979132240
680555128145038391 412581938763885924 926778698356300187 412581938763885924
440484048996456189 688301717899598564 623507776536023616 161105420440945323
619976554766461700 255257382246452354 182973789131277998 293181198627141503
839622791819023618 229827932029910313 254042415606428732 296297573957462422
563685128482170277 340680765169805311 509668029499165484 457829762361149124
940132714220135675 328796559246850501 94976359635960234 462569933644697310
963534167637157255 976528044917486481 496870229531226567 661422908244635765
521064221653323633 340863522563311734 340863522563311734 887194792467214500
974932900699030422 919416069024237619 294033246550844778 486726240070985587
686157159259056878 763151403837995251 686157159259056878 626783544803769536
934584284313449814 359115683872334452 125198264663775986 230081266139731219
314404493240503263 511145846056536383 624447270698464457 776522671125849405
555257948736983248 792446666350882672 27253231780860110 792446666350882672
585252916629719431 303890564919309670 244033569680441953 34985726505166130
33059772427444490 361561646083364900 33059772427444490 390091750836144016
623858538829523210 742525509534454891 333510676522809172 742525509534454891
479637768485712396 582465534081707913 977494900614433158 219952476091495146
584188195814741318 41469136950777219 903993795833224378 901693738306372242
61017804539071205 173943595299976857 510334267367250512 524189188594449248
497125778000080183 237599081821127317 497125778000080183 549786062710535844
649362611389609610 155753509412793920 649362611389609610 557014729342259815
43278348275300882 242190122251671637 101209337266782465 574417621154791916
768267739034617208 769339378993074802 666315240471448265 769339378993074802
684428213102916599 238198624356239016 956167792665419173 454599910552123144
894490764400506100 292991322281575938 37555830294421548 292991322281575938
688391730208134300 212565207861759245 797028958868498025 722209694016742754
320448772857016234 206326186835988701 166252557963453724 894737319677151874
577501177622564872 560634688739718509 560634688739718509 526274871421519409
916352614811686223 795974957954126287 922324014796230978 795974957954126287
667325867170387512 188613708615840383 118357400708470627 802891654751390347
603488614438730703 391489312111876322 794176928305315965 391489312111876322
752403006834369049 9187120349945167 237151348125378236 9187120349945167
70226432239625525 435684843400029780 376683668451215239 782071704627050607
405345492223608422 766522154925746211 728794194791661577 177363879570881543
520480151905965042 998521908637643608 660565933630285196 749149851948324440
560282253669566232 429224812817912250 97088932066012604 817353712795058450
263219182976286761 50466241072413990 165516545845168788 957111739056509872
91489618643797183 230557860071313707 91489618643797183 288600652157201940
525479972217910054 309129282920835483 309129282920835483 166377976707714584
6570613825963971 308320882282468367 685697229291385115 761632705581924707
511124677842645223 977648162129161085 46507673304542676 56622782928574849
70414619287283037 505815648082809598 476520662063335680 505815648082809598
248789500990303716 15465191559325762 15465191559325762 99303323801324394
68458126401096919 481626226675441090 481626226675441090 670656375925094884
338123816139438999 321000468607165586 321000468607165586 359910241009836401
812092630399307981 286841865849858696 307063117883344669 640623783729390058
546570984432247835 505835531174631313 505835531174631313 428743921819181949
779963619848344194 783794342642245909 708663344529773170 210855185457385052
257307162163140456 554812580489533292 510751019019400855 301121448379600354
285886053733204885 23074483671066836 510169574360659846 217219813794125274
30968466462404046 887219862553959114 705247621926067345 522134983680961033
524584263294118975 908652902771209543 14124283044722605 521363317023265152
769005429861328889 890651801593755197 938734831734679043 46283110359337593
499229350317661413 138328840808202121 213422495673054526 513865940614356092
113042616473998178 739662164365965269 348585566693337275 454664700058551715
905045553147773708 413116930859739048 412834898584606514 484267797538257198
705432049603074835 633603363751137682 934585939566267414 191569756818752247
157499164221399290 341538583823877590 120433154579738186 842054495173938896
281493916259813672 470949562556035485 281493916259813672 784915718418441336
881124251464830837 430488441440038381 907018748046774822 436037125594572908
231350983298695988 696089149729061313 182269391719071858 714766080531526732
131036570971611293 448875240100287996 131036570971611293 5362553532394856
669087069446478639 770195055582645178 770195055582645178 269420815835709465
230323577728223560 700980269562328895 121372315318041173 665805992599444735
880404797117232707 227413270178892606 774119267174078588 320677086817133914
450003768648796442 245524003090699504 517071756975663066 883749785181182421
865417723685278200 199673879363592043 865417723685278200 727408468245131754
532133821050411156 431556069693982617 644890271862249558 699575525301548455
706189714804781526 333194877945806296 333194877945806296 65588708293268739
987595505678175577 140086187186439928 224460763490741884 85653755981266182
458819786437712946 845092728697634885 892131994895481252 156156038923500779
466359229218181222 433658415888075860 135357470261196920 5586721259151679
453035594746314839 78822395320934153 718314642886336059 355227870669814719
560644421373875813 74939861064798830 530021352353099245 74939861064798830
315046187403084303 495465359692103219 301680274599871764 58753486741139810
224860776704616208 259950486296402040 625171843062172913 704322173128528919
525819385952180945 342548924005450956 342548924005450956 864742532816422000
303106517755102876 641195975063132016 303106517755102876 152237894862618412
646316923637879672 229394458697810254 458735533978595934 229394458697810254
331110860445593752 627317130005473374 338698410482033740 344828722448465336
271499476667888662 606991274448912788 271499476667888662 694987826928704751
429121348713680266 398761397211187959 984302722955104584 875871314577431864
666040770975118243 520062388638555875 459589692357806302 894742326854487199
159586728481932969 40724434781328046 914503789036707509 178207566770990705
601060862785563379 748435363934190176 748435363934190176 339164835525099978
339768457460992878 895615150149919653 791839026834355729 678823980939942890
328905892688839698 579005416497604385 125378273209451288 579005416497604385
814212017609546225 42927431932256676 567961397558669763 580910375230606175
210081199038715858 202481898929176147 815166943243834906 468351138371326335
868133705530563184 665125458025201325 383330633552934096 909883182878891448
254648852251856816 642409670486250097 209024753659304375 534562227358225033
383033246967690429 959192646154256063 68444825542189842 259143260492866770
552929965523454847 120749853396132226 120749853396132226 917430072197936247
252913600844546576 908067448310266049 775365459605892979 908067448310266049
684666335683368058 950812348579792837 678893491393800989 839473452548151007
227878517352321952 53677576358525227 787537403028359512 465358492771651406
643863903225812139 822461573696183854 593724594142752645 229221776186746
64376623929915801 978428540617422238 498287554217640847 978428540617422238
992849648042940952 373892158041858777 6710242231205545 945376322390484920
654390492479888593 575205814345899623 76961463093418768 575205814345899623
116878381480827996 987347031838361421 982762131908788942 987347031838361421
869750340567459579 701656026610962732 272700876505938920 488505516323273511
423874795637080105 485370563198564110 353357647862088124 485370563198564110
850768327278303611 580701939709039477 2739651040606210 553277446953453800
204014641520513413 498665130731382732 204014641520513413 5901499367399277
114873059906075433 169666741405635454 169666741405635454 512889118676828427
422424195035856525 183395332703080015 757086307451415892 353734175935413102
110243839418405099 149382496196395890 1833488443019761 516303951362436071
66535838431279916 210221885166759623 352934782186111027 475181929379543983
57001658427868822 507863131351942393 57001658427868822 706864205817451049
249917192400449790 394987284912952279 764107159691658287 40269014973460132
350324212349856596 108844921580878634 862019440455476955 688692522748351178
206382398212861706 810221573316960043 972573390556493247 810221573316960043
321700948437421264 158471680824123704 587898080040092210 858711579723186119
203293857213572417 917450618785275003 828548864127702338 90107235560272465
832744166803722005 350027193016545165 414753011135262942 350027193016545165
824707511941581956 880457653714265553 241228135873478889 828080355793621714
523846513562545400 514757658089844067 111406069597260921 577706012972158941
356742817087459128 99231672079486100 99231672079486100 173900865938097195
896217723027518643 691310132047443724 691310132047443724 718786924185570304
440906066014809152 881854862297353546 188766817112581334 274020527077919348
809071025621554469 451245280269417715 809071025621554469 296998335256331954
273137250644814879 367118661066724546 84479630656019901 821617954866763594
995027498581852571 664626467309968932 512490475044974593 335963862928006865
826610386999916485 985951238508653280 915612916765274455 669235276068600670
420980467837585094 762313663979421815 762313663979421815 340757646389769281
410804796930018760 901766108953099678 532127976099018356 445853491145469613
784237818486168693 313016058769541913 690202867304990656 248929539921583419
195316133490084000 982371446497663827 389564450851428666 456306803032226778